48.487486 ,-124.804688
48.210032 ,-123.552246
48.283193 ,-123.222656
48.418264 ,-123.112793
48.680081 ,-123.266602
48.759810 ,-123.008423
48.828566 ,-123.002930
48.998240 ,-123.316040
49.009051 ,-95.163574
49.382373 ,-95.158081
49.353756 ,-95.053711
49.369855 ,-94.954834
49.325570 ,-94.853210
49.321989 ,-94.815445
49.304531 ,-94.825745
49.214457 ,-94.796219
49.197859 ,-94.797592
49.121074 ,-94.772186
49.097700 ,-94.748154
48.886843 ,-94.683609
48.872393 ,-94.684296
48.868780 ,-94.692535
48.852517 ,-94.692535
48.839413 ,-94.684982
48.832182 ,-94.701462
48.823593 ,-94.703522
48.808220 ,-94.694595
48.779270 ,-94.691162
48.749398 ,-94.644470
48.743512 ,-94.644470
48.737625 ,-94.619064
48.718602 ,-94.590225
48.714978 ,-94.551773
48.702291 ,-94.535980
48.693680 ,-94.453583
48.711806 ,-94.417877
48.711806 ,-94.383545
48.705463 ,-94.362259
48.705010 ,-94.327927
48.710447 ,-94.308014
48.706822 ,-94.288101
48.699572 ,-94.272308
48.699572 ,-94.265442
48.684614 ,-94.251709
48.662850 ,-94.255142
48.654232 ,-94.245529
48.649696 ,-94.225616
48.651057 ,-94.198837
48.647881 ,-94.168625
48.646520 ,-94.139786
48.645613 ,-94.105453
48.644706 ,-94.075241
48.646067 ,-94.065628
48.643345 ,-94.062881
48.644252 ,-94.045029
48.641076 ,-94.032669
48.643798 ,-94.005890
48.638808 ,-93.977051
48.638354 ,-93.959198
48.634270 ,-93.952332
48.632909 ,-93.916626
48.636085 ,-93.911819
48.631547 ,-93.874054
48.630186 ,-93.843842
48.611576 ,-93.821869
48.574790 ,-93.804703
48.549796 ,-93.811569
48.541614 ,-93.810883
48.533885 ,-93.817062
48.517969 ,-93.795776
48.516604 ,-93.753204
48.549342 ,-93.464813
48.596592 ,-93.464813
48.611122 ,-93.401642
48.605674 ,-93.390656
48.612030 ,-93.354950
48.626555 ,-93.348083
48.643798 ,-93.253326
48.643798 ,-93.208008
48.624740 ,-93.177795
48.624740 ,-92.985535
48.630186 ,-92.951202
48.610214 ,-92.947083
48.538432 ,-92.728729
48.546615 ,-92.658691
48.542069 ,-92.636719
48.512966 ,-92.625732
48.502048 ,-92.636719
48.504777 ,-92.651825
48.497498 ,-92.658691
48.494768 ,-92.698517
48.461084 ,-92.713623
48.435579 ,-92.658691
48.447422 ,-92.509003
48.413707 ,-92.455444
48.371760 ,-92.476044
48.221928 ,-92.366180
48.249369 ,-92.268677
48.284107 ,-92.298889
48.353511 ,-92.263184
48.348035 ,-92.212372
48.368111 ,-92.142334
48.360812 ,-92.058563
48.321560 ,-92.003632
48.264913 ,-92.003632
48.247540 ,-91.974792
48.253941 ,-91.967926
48.253027 ,-91.952820
48.244797 ,-91.948700
48.233821 ,-91.956940
48.230162 ,-91.940460
48.238394 ,-91.915741
48.237480 ,-91.895142
48.207287 ,-91.862183
48.211862 ,-91.815491
48.196303 ,-91.788025
48.206371 ,-91.757813
48.199964 ,-91.749573
48.203626 ,-91.741333
48.199049 ,-91.712494
48.171581 ,-91.723480
48.171581 ,-91.707001
48.145014 ,-91.700134
48.114767 ,-91.711121
48.123018 ,-91.683655
48.111099 ,-91.686401
48.106514 ,-91.663055
48.114767 ,-91.650696
48.098260 ,-91.635590
48.108348 ,-91.558685
48.045038 ,-91.568298
48.073491 ,-91.457062
48.051464 ,-91.428223
48.072574 ,-91.344452
48.084501 ,-91.252441
48.183485 ,-91.082153
48.191726 ,-91.025848
48.222843 ,-90.975037
48.231991 ,-90.914612
48.245711 ,-90.884399
48.238394 ,-90.872040
48.244797 ,-90.844574
48.177991 ,-90.832214
48.181654 ,-90.808868
48.159673 ,-90.795135
48.164253 ,-90.778656
48.147763 ,-90.775909
48.136767 ,-90.796509
48.090923 ,-90.749817
48.123934 ,-90.578156
48.116600 ,-90.554810
48.097343 ,-90.564423
48.100095 ,-90.483398
48.110182 ,-90.466919
48.099178 ,-90.438080
48.104680 ,-90.407867
48.090923 ,-90.376282
48.097343 ,-90.339203
48.107431 ,-90.313110
48.099178 ,-90.288391
48.112933 ,-90.175781
48.112933 ,-90.138702
48.104680 ,-90.112610
48.084501 ,-90.020599
48.052382 ,-89.995880
48.028509 ,-89.994507
48.011056 ,-89.951935
48.014731 ,-89.934082
47.988083 ,-89.895630
47.987164 ,-89.868164
48.017487 ,-89.817352
48.021161 ,-89.773407
48.019324 ,-89.719849
48.006463 ,-89.699249
48.010138 ,-89.658051
48.004625 ,-89.647064
48.019324 ,-89.614105
47.999112 ,-89.581146
48.015650 ,-89.485016
48.341646 ,-88.330078
46.800059 ,-84.814453
46.483265 ,-84.484863
46.558860 ,-84.155273
46.057985 ,-83.913574
46.134170 ,-83.583984
45.996962 ,-83.430176
45.813486 ,-83.583984
45.352145 ,-82.529297
43.548548 ,-82.111816
42.601620 ,-82.551270
42.342305 ,-82.990723
41.983994 ,-83.122559
41.705729 ,-82.727051
41.689322 ,-82.353516
42.261049 ,-81.232910
42.407235 ,-80.046387
42.875964 ,-78.903809
43.436966 ,-79.167480
43.612217 ,-78.662109
43.707594 ,-76.794434
44.308127 ,-76.157227
45.042478 ,-74.860840
45.042478 ,-71.499023
45.290347 ,-71.323242
45.305803 ,-70.861816
46.437857 ,-70.092773
47.487513 ,-69.191895
47.219568 ,-68.862305
47.353711 ,-68.291016
47.055154 ,-67.785645
45.706179 ,-67.763672
45.583290 ,-67.434082
45.182037 ,-67.368164
45.166547 ,-67.126465
44.777936 ,-66.884766
24.607069 ,-80.419922
26.037042 ,-96.943359
25.948166 ,-97.272949
25.913585 ,-97.366333
25.849337 ,-97.366333
25.859224 ,-97.443237
25.898762 ,-97.481689
25.893820 ,-97.520142
26.032106 ,-97.662964
26.051848 ,-97.822266
26.081454 ,-98.228760
26.258936 ,-98.574829
26.244156 ,-98.651733
26.377107 ,-98.816528
26.411551 ,-99.030762
26.401711 ,-99.080200
26.431228 ,-99.113159
26.490240 ,-99.102173
26.544309 ,-99.162598
26.858380 ,-99.277954
26.882880 ,-99.327393
26.926968 ,-99.327393
26.951453 ,-99.393311
27.215556 ,-99.431763
27.322975 ,-99.525146
27.591066 ,-99.525146
27.785632 ,-99.821777
28.188244 ,-100.167847
28.275358 ,-100.283203
28.642389 ,-100.442505
28.926439 ,-100.640259
29.099377 ,-100.678711
29.372602 ,-101.013794
29.463514 ,-101.068726
29.477861 ,-101.156616
29.520891 ,-101.184082
29.535230 ,-101.271973
29.616446 ,-101.250000
29.578234 ,-101.304932
29.654642 ,-101.310425
29.664189 ,-101.370850
29.754840 ,-101.414795
29.771530 ,-101.401062
29.757224 ,-101.442261
29.783449 ,-101.455994
29.769146 ,-101.510925
29.766762 ,-101.532898
29.812051 ,-101.543884
29.800135 ,-101.571350
29.771530 ,-101.571350
29.769146 ,-101.623535
29.752455 ,-101.645508
29.772722 ,-101.663361
29.790601 ,-101.777344
29.782258 ,-101.800690
29.794176 ,-101.811676
29.804901 ,-101.806183
29.814434 ,-101.821289
29.806093 ,-101.825409
29.792984 ,-101.819916
29.791792 ,-101.825409
29.806093 ,-101.850128
29.794176 ,-101.873474
29.800135 ,-101.911926
29.783449 ,-101.931152
29.801326 ,-101.936646
29.795368 ,-101.953125
29.816817 ,-101.968231
29.816817 ,-101.981964
29.798943 ,-101.988831
29.804901 ,-101.997070
29.800135 ,-102.014923
29.803710 ,-102.036896
29.792984 ,-102.039642
29.784641 ,-102.052002
29.794176 ,-102.113800
29.828731 ,-102.181091
29.850173 ,-102.183838
29.847791 ,-102.192078
29.840644 ,-102.201691
29.852555 ,-102.244263
29.863274 ,-102.248383
29.854937 ,-102.256622
29.869229 ,-102.263489
29.865656 ,-102.279968
29.881137 ,-102.318420
29.864465 ,-102.329407
29.868038 ,-102.343140
29.790601 ,-102.377472
29.782258 ,-102.389832
29.771530 ,-102.384338
29.761993 ,-102.387085
29.785833 ,-102.488708
29.783449 ,-102.494202
29.783449 ,-102.517548
29.773914 ,-102.510681
29.745302 ,-102.547760
29.772722 ,-102.565613
29.770338 ,-102.575226
29.756032 ,-102.573853
29.750071 ,-102.590332
29.736955 ,-102.626038
29.742917 ,-102.671356
29.685667 ,-102.697449
29.634352 ,-102.740021
29.594954 ,-102.744141
29.598536 ,-102.768860
29.577040 ,-102.764740
29.556734 ,-102.779846
29.547177 ,-102.777100
29.543593 ,-102.788086
29.525670 ,-102.807312
29.488620 ,-102.801819
29.462318 ,-102.823792
29.413283 ,-102.830658
29.402516 ,-102.811432
29.373798 ,-102.845764
29.363027 ,-102.841644
29.357043 ,-102.877350
29.348664 ,-102.886963
29.339087 ,-102.881470
29.304364 ,-102.893829
29.293585 ,-102.889709
29.280410 ,-102.903442
29.268431 ,-102.900696
29.262441 ,-102.907562
29.244469 ,-102.873230
29.226493 ,-102.866364
29.208515 ,-102.896576
29.219302 ,-102.913055
29.198925 ,-102.915802
29.177344 ,-102.947388
29.189334 ,-102.973480
29.176145 ,-102.999573
29.156959 ,-102.996826
29.111376 ,-103.033905
29.100577 ,-103.035278
29.095777 ,-103.043518
29.098177 ,-103.053131
29.040563 ,-103.103943
28.987721 ,-103.120422
28.974507 ,-103.161621
28.988922 ,-103.227539
28.982916 ,-103.250885
28.996130 ,-103.263245
28.979312 ,-103.285217
29.008140 ,-103.292084
29.010542 ,-103.312683
29.026154 ,-103.308563
29.016547 ,-103.326416
29.027355 ,-103.341522
29.034559 ,-103.329163
29.045365 ,-103.342896
29.021351 ,-103.358002
29.144965 ,-103.544769
29.155759 ,-103.553009
29.155759 ,-103.588715
29.167751 ,-103.613434
29.155759 ,-103.649139
29.232485 ,-103.757629
29.224096 ,-103.772736
29.255252 ,-103.780975
29.289992 ,-103.905945
29.298376 ,-103.974609
29.351058 ,-104.084473
29.394141 ,-104.162750
29.455144 ,-104.213562
29.481448 ,-104.209442
29.486229 ,-104.219055
29.481448 ,-104.230042
29.495792 ,-104.235535
29.528060 ,-104.313812
29.523281 ,-104.339905
29.615252 ,-104.468994
29.640320 ,-104.495087
29.635546 ,-104.507446
29.683281 ,-104.540405
29.697597 ,-104.543152
29.776298 ,-104.567871
29.846600 ,-104.621429
29.903758 ,-104.661255
29.915662 ,-104.677734
30.016787 ,-104.691467
30.027489 ,-104.705200
30.038189 ,-104.702454
30.038189 ,-104.698334
30.056020 ,-104.705200
30.073848 ,-104.691467
30.178373 ,-104.688721
30.227035 ,-104.713440
30.240086 ,-104.712067
30.262626 ,-104.732666
30.262626 ,-104.749146
30.275672 ,-104.749146
30.278044 ,-104.761505
30.305318 ,-104.762878
30.304132 ,-104.776611
30.351546 ,-104.820557
30.376430 ,-104.819183
30.375245 ,-104.839783
30.393015 ,-104.860382
30.420256 ,-104.850769
30.447490 ,-104.867249
30.568173 ,-104.893341
30.606004 ,-104.937286
30.614277 ,-104.978485
30.670991 ,-104.996338
30.688707 ,-105.011444
30.683983 ,-105.033417
30.687526 ,-105.052643
30.750098 ,-105.121307
30.757179 ,-105.158386
30.777239 ,-105.165253
30.772519 ,-105.174866
30.791396 ,-105.194092
30.783138 ,-105.217438
30.800833 ,-105.210571
30.804372 ,-105.214691
30.797295 ,-105.251770
30.825602 ,-105.294342
30.813808 ,-105.308075
30.856258 ,-105.395966
30.897511 ,-105.406952
30.964657 ,-105.511322
30.999977 ,-105.564880
31.079989 ,-105.603333
31.117619 ,-105.651398
31.164634 ,-105.742035
31.164634 ,-105.769501
31.195182 ,-105.783234
31.287940 ,-105.873871
31.291461 ,-105.895844
31.309062 ,-105.910950
31.314928 ,-105.934296
31.337217 ,-105.946655
31.350119 ,-105.946655
31.366536 ,-105.953522
31.366536 ,-105.972748
31.394674 ,-106.009827
31.397019 ,-106.081238
31.423976 ,-106.111450
31.441552 ,-106.163635
31.467325 ,-106.202087
31.481380 ,-106.219940
31.544601 ,-106.248779
31.562155 ,-106.278992
31.624152 ,-106.303711
31.681433 ,-106.344910
31.698961 ,-106.349030
31.714149 ,-106.371002
31.741015 ,-106.388855
31.763202 ,-106.456146
31.750358 ,-106.484985
31.784217 ,-106.528931
31.784217 ,-108.207092
31.409912 ,-108.237305
31.391158 ,-110.917969
32.491230 ,-114.785156
32.713355 ,-114.741211
32.491230 ,-117.070313
32.787275 ,-118.465576
33.211116 ,-119.586182
34.025348 ,-120.487061
38.891033 ,-123.662109
40.245992 ,-124.387207
42.763146 ,-124.760742
48.443778 ,-124.870605
